109
1 3.000000
2 3.000000
3 3.241900
4 4.466700
5 5.000000
6 8.000000
7 6.400000
8 11.520000
9 12.000000
10 17.280000
11 9.600000
12 7.903200
13 7.903200
14 7.903200
15 7.903200
16 6.290300
17 6.290300
18 0.000000
19 3.000000
20 3.000000
21 3.000000
22 6.483900
23 3.000000
24 3.000000
25 6.483900
26 3.000000
27 3.241900
28 3.241900
29 3.241900
30 3.241900
31 3.241900
32 3.241900
33 3.241900
34 3.241900
35 5.000000
36 5.000000
37 5.000000
38 5.000000
39 5.000000
40 5.000000
41 5.000000
42 5.000000
43 5.000000
44 5.000000
45 5.000000
46 5.000000
47 5.000000
48 5.000000
49 5.000000
50 5.000000
51 5.000000
52 5.000000
53 5.000000
54 5.000000
55 5.000000
56 3.000000
57 3.000000
58 3.000000
59 3.000000
60 3.000000
61 3.000000
62 3.000000
63 3.000000
64 3.000000
65 3.241900
66 3.000000
67 3.000000
68 3.000000
69 3.000000
70 3.000000
71 3.000000
72 3.000000
73 3.000000
74 3.000000
75 3.000000
76 3.000000
77 3.190500
78 3.000000
79 3.000000
80 3.000000
81 3.000000
82 3.000000
83 3.000000
84 3.000000
85 3.000000
86 3.000000
87 3.000000
88 3.000000
89 3.000000
90 3.000000
91 3.000000
92 3.000000
93 3.295100
94 3.241900
95 3.190500
96 3.140600
97 3.092300
98 1.500000
99 1.500000
100 2.050000
101 2.500000
102 2.700000
103 1.325000
104 0.900000
105 0.554800
106 1.725000
107 3.000000
108 7.903200
109 0.000000
