109
1 1.770000
2 1.770000
3 1.912700
4 2.635300
5 2.550000
6 3.500000
7 2.800000
8 5.040000
9 5.250000
10 7.560000
11 4.200000
12 4.030600
13 4.030600
14 4.030600
15 4.030600
16 3.208100
17 3.208100
18 0.000000
19 1.770000
20 1.770000
21 1.770000
22 3.825500
23 1.770000
24 1.770000
25 3.825500
26 1.770000
27 1.912700
28 1.912700
29 1.912700
30 1.912700
31 1.912700
32 1.912700
33 1.912700
34 1.912700
35 2.550000
36 2.550000
37 2.550000
38 2.550000
39 2.550000
40 2.550000
41 2.550000
42 2.550000
43 2.550000
44 2.550000
45 2.550000
46 2.550000
47 2.550000
48 2.550000
49 2.550000
50 2.550000
51 2.550000
52 2.550000
53 2.550000
54 2.550000
55 2.550000
56 1.770000
57 1.770000
58 1.770000
59 1.770000
60 1.770000
61 1.770000
62 1.770000
63 1.770000
64 1.770000
65 1.912700
66 1.770000
67 1.770000
68 1.770000
69 1.770000
70 1.770000
71 1.770000
72 1.770000
73 1.770000
74 1.770000
75 1.770000
76 1.770000
77 1.882400
78 1.770000
79 1.770000
80 1.770000
81 1.770000
82 1.770000
83 1.770000
84 1.770000
85 1.770000
86 1.770000
87 1.770000
88 1.770000
89 1.770000
90 1.770000
91 1.770000
92 1.770000
93 1.944100
94 1.912700
95 1.882400
96 1.853000
97 1.824500
98 1.090000
99 1.008000
100 1.287400
101 1.516000
102 1.617600
103 0.919100
104 0.703200
105 0.528300
106 1.122300
107 1.770000
108 4.030600
109 0.000000
