109
1 2.590000
2 2.590000
3 2.798900
4 3.856200
5 4.180000
6 6.500000
7 5.200000
8 9.360000
9 9.750000
10 14.040000
11 7.800000
12 6.607100
13 6.607100
14 6.607100
15 6.607100
16 5.258700
17 5.258700
18 0.000000
19 2.590000
20 2.590000
21 2.590000
22 5.597700
23 2.590000
24 2.590000
25 5.597700
26 2.590000
27 2.798900
28 2.798900
29 2.798900
30 2.798900
31 2.798900
32 2.798900
33 2.798900
34 2.798900
35 4.180000
36 4.180000
37 4.180000
38 4.180000
39 4.180000
40 4.180000
41 4.180000
42 4.180000
43 4.180000
44 4.180000
45 4.180000
46 4.180000
47 4.180000
48 4.180000
49 4.180000
50 4.180000
51 4.180000
52 4.180000
53 4.180000
54 4.180000
55 4.180000
56 2.590000
57 2.590000
58 2.590000
59 2.590000
60 2.590000
61 2.590000
62 2.590000
63 2.590000
64 2.590000
65 2.798900
66 2.590000
67 2.590000
68 2.590000
69 2.590000
70 2.590000
71 2.590000
72 2.590000
73 2.590000
74 2.590000
75 2.590000
76 2.590000
77 2.754400
78 2.590000
79 2.590000
80 2.590000
81 2.590000
82 2.590000
83 2.590000
84 2.590000
85 2.590000
86 2.590000
87 2.590000
88 2.590000
89 2.590000
90 2.590000
91 2.590000
92 2.590000
93 2.844800
94 2.798900
95 2.754400
96 2.711400
97 2.669700
98 1.360000
99 1.336000
100 1.795800
101 2.172000
102 2.339200
103 1.189700
104 0.834400
105 0.546000
106 1.524100
107 2.590000
108 6.607100
109 0.000000
