109
1 1.500000
2 1.500000
3 1.621000
4 2.233300
5 2.000000
6 2.500000
7 2.000000
8 3.600000
9 3.750000
10 5.400000
11 3.000000
12 3.161300
13 3.161300
14 3.161300
15 3.161300
16 2.516100
17 2.516100
18 0.000000
19 1.500000
20 1.500000
21 1.500000
22 3.241900
23 1.500000
24 1.500000
25 3.241900
26 1.500000
27 1.621000
28 1.621000
29 1.621000
30 1.621000
31 1.621000
32 1.621000
33 1.621000
34 1.621000
35 2.000000
36 2.000000
37 2.000000
38 2.000000
39 2.000000
40 2.000000
41 2.000000
42 2.000000
43 2.000000
44 2.000000
45 2.000000
46 2.000000
47 2.000000
48 2.000000
49 2.000000
50 2.000000
51 2.000000
52 2.000000
53 2.000000
54 2.000000
55 2.000000
56 1.500000
57 1.500000
58 1.500000
59 1.500000
60 1.500000
61 1.500000
62 1.500000
63 1.500000
64 1.500000
65 1.621000
66 1.500000
67 1.500000
68 1.500000
69 1.500000
70 1.500000
71 1.500000
72 1.500000
73 1.500000
74 1.500000
75 1.500000
76 1.500000
77 1.595200
78 1.500000
79 1.500000
80 1.500000
81 1.500000
82 1.500000
83 1.500000
84 1.500000
85 1.500000
86 1.500000
87 1.500000
88 1.500000
89 1.500000
90 1.500000
91 1.500000
92 1.500000
93 1.647500
94 1.621000
95 1.595200
96 1.570300
97 1.546200
98 1.000000
99 0.900000
100 1.120000
101 1.300000
102 1.380000
103 0.830000
104 0.660000
105 0.522400
106 0.990000
107 1.500000
108 3.161300
109 0.000000
