109
1 2.860000
2 2.860000
3 3.090600
4 4.258200
5 4.730000
6 7.500000
7 6.000000
8 10.800000
9 11.250000
10 16.200000
11 9.000000
12 7.476500
13 7.476500
14 7.476500
15 7.476500
16 5.950600
17 5.950600
18 0.000000
19 2.860000
20 2.860000
21 2.860000
22 6.181300
23 2.860000
24 2.860000
25 6.181300
26 2.860000
27 3.090600
28 3.090600
29 3.090600
30 3.090600
31 3.090600
32 3.090600
33 3.090600
34 3.090600
35 4.730000
36 4.730000
37 4.730000
38 4.730000
39 4.730000
40 4.730000
41 4.730000
42 4.730000
43 4.730000
44 4.730000
45 4.730000
46 4.730000
47 4.730000
48 4.730000
49 4.730000
50 4.730000
51 4.730000
52 4.730000
53 4.730000
54 4.730000
55 4.730000
56 2.860000
57 2.860000
58 2.860000
59 2.860000
60 2.860000
61 2.860000
62 2.860000
63 2.860000
64 2.860000
65 3.090600
66 2.860000
67 2.860000
68 2.860000
69 2.860000
70 2.860000
71 2.860000
72 2.860000
73 2.860000
74 2.860000
75 2.860000
76 2.860000
77 3.041600
78 2.860000
79 2.860000
80 2.860000
81 2.860000
82 2.860000
83 2.860000
84 2.860000
85 2.860000
86 2.860000
87 2.860000
88 2.860000
89 2.860000
90 2.860000
91 2.860000
92 2.860000
93 3.141300
94 3.090600
95 3.041600
96 2.994100
97 2.948000
98 1.450000
99 1.444000
100 1.963200
101 2.388000
102 2.576800
103 1.278800
104 0.877600
105 0.551800
106 1.656400
107 2.860000
108 7.476500
109 0.000000
