109
1 2.180000
2 2.180000
3 2.355800
4 3.245800
5 3.360000
6 5.000000
7 4.000000
8 7.200000
9 7.500000
10 10.800000
11 6.000000
12 5.311000
13 5.311000
14 5.311000
15 5.311000
16 4.227100
17 4.227100
18 0.000000
19 2.180000
20 2.180000
21 2.180000
22 4.711600
23 2.180000
24 2.180000
25 4.711600
26 2.180000
27 2.355800
28 2.355800
29 2.355800
30 2.355800
31 2.355800
32 2.355800
33 2.355800
34 2.355800
35 3.360000
36 3.360000
37 3.360000
38 3.360000
39 3.360000
40 3.360000
41 3.360000
42 3.360000
43 3.360000
44 3.360000
45 3.360000
46 3.360000
47 3.360000
48 3.360000
49 3.360000
50 3.360000
51 3.360000
52 3.360000
53 3.360000
54 3.360000
55 3.360000
56 2.180000
57 2.180000
58 2.180000
59 2.180000
60 2.180000
61 2.180000
62 2.180000
63 2.180000
64 2.180000
65 2.355800
66 2.180000
67 2.180000
68 2.180000
69 2.180000
70 2.180000
71 2.180000
72 2.180000
73 2.180000
74 2.180000
75 2.180000
76 2.180000
77 2.318400
78 2.180000
79 2.180000
80 2.180000
81 2.180000
82 2.180000
83 2.180000
84 2.180000
85 2.180000
86 2.180000
87 2.180000
88 2.180000
89 2.180000
90 2.180000
91 2.180000
92 2.180000
93 2.394400
94 2.355800
95 2.318400
96 2.282200
97 2.247100
98 1.230000
99 1.172000
100 1.541600
101 1.844000
102 1.978400
103 1.054400
104 0.768800
105 0.537100
106 1.323200
107 2.180000
108 5.311000
109 0.000000
