109
1 1.640000
2 1.640000
3 1.772300
4 2.441800
5 2.270000
6 3.000000
7 2.400000
8 4.320000
9 4.500000
10 6.480000
11 3.600000
12 3.588100
13 3.588100
14 3.588100
15 3.588100
16 2.855800
17 2.855800
18 0.000000
19 1.640000
20 1.640000
21 1.640000
22 3.544500
23 1.640000
24 1.640000
25 3.544500
26 1.640000
27 1.772300
28 1.772300
29 1.772300
30 1.772300
31 1.772300
32 1.772300
33 1.772300
34 1.772300
35 2.270000
36 2.270000
37 2.270000
38 2.270000
39 2.270000
40 2.270000
41 2.270000
42 2.270000
43 2.270000
44 2.270000
45 2.270000
46 2.270000
47 2.270000
48 2.270000
49 2.270000
50 2.270000
51 2.270000
52 2.270000
53 2.270000
54 2.270000
55 2.270000
56 1.640000
57 1.640000
58 1.640000
59 1.640000
60 1.640000
61 1.640000
62 1.640000
63 1.640000
64 1.640000
65 1.772300
66 1.640000
67 1.640000
68 1.640000
69 1.640000
70 1.640000
71 1.640000
72 1.640000
73 1.640000
74 1.640000
75 1.640000
76 1.640000
77 1.744100
78 1.640000
79 1.640000
80 1.640000
81 1.640000
82 1.640000
83 1.640000
84 1.640000
85 1.640000
86 1.640000
87 1.640000
88 1.640000
89 1.640000
90 1.640000
91 1.640000
92 1.640000
93 1.801300
94 1.772300
95 1.744100
96 1.716900
97 1.690500
98 1.050000
99 0.956000
100 1.206800
101 1.412000
102 1.503200
103 0.876200
104 0.682400
105 0.525400
106 1.058600
107 1.640000
108 3.588100
109 0.000000
