109
1 2.730000
2 2.730000
3 2.950200
4 4.064700
5 4.450000
6 7.000000
7 5.600000
8 10.080000
9 10.500000
10 15.120000
11 8.400000
12 7.033900
13 7.033900
14 7.033900
15 7.033900
16 5.598400
17 5.598400
18 0.000000
19 2.730000
20 2.730000
21 2.730000
22 5.900300
23 2.730000
24 2.730000
25 5.900300
26 2.730000
27 2.950200
28 2.950200
29 2.950200
30 2.950200
31 2.950200
32 2.950200
33 2.950200
34 2.950200
35 4.450000
36 4.450000
37 4.450000
38 4.450000
39 4.450000
40 4.450000
41 4.450000
42 4.450000
43 4.450000
44 4.450000
45 4.450000
46 4.450000
47 4.450000
48 4.450000
49 4.450000
50 4.450000
51 4.450000
52 4.450000
53 4.450000
54 4.450000
55 4.450000
56 2.730000
57 2.730000
58 2.730000
59 2.730000
60 2.730000
61 2.730000
62 2.730000
63 2.730000
64 2.730000
65 2.950200
66 2.730000
67 2.730000
68 2.730000
69 2.730000
70 2.730000
71 2.730000
72 2.730000
73 2.730000
74 2.730000
75 2.730000
76 2.730000
77 2.903300
78 2.730000
79 2.730000
80 2.730000
81 2.730000
82 2.730000
83 2.730000
84 2.730000
85 2.730000
86 2.730000
87 2.730000
88 2.730000
89 2.730000
90 2.730000
91 2.730000
92 2.730000
93 2.998500
94 2.950200
95 2.903300
96 2.858000
97 2.814000
98 1.410000
99 1.392000
100 1.882600
101 2.284000
102 2.462400
103 1.235900
104 0.856800
105 0.549000
106 1.592700
107 2.730000
108 7.033900
109 0.000000
