109
1 2.050000
2 2.050000
3 2.215300
4 3.052200
5 3.090000
6 4.500000
7 3.600000
8 6.480000
9 6.750000
10 9.720000
11 5.400000
12 4.884200
13 4.884200
14 4.884200
15 4.884200
16 3.887400
17 3.887400
18 0.000000
19 2.050000
20 2.050000
21 2.050000
22 4.430600
23 2.050000
24 2.050000
25 4.430600
26 2.050000
27 2.215300
28 2.215300
29 2.215300
30 2.215300
31 2.215300
32 2.215300
33 2.215300
34 2.215300
35 3.090000
36 3.090000
37 3.090000
38 3.090000
39 3.090000
40 3.090000
41 3.090000
42 3.090000
43 3.090000
44 3.090000
45 3.090000
46 3.090000
47 3.090000
48 3.090000
49 3.090000
50 3.090000
51 3.090000
52 3.090000
53 3.090000
54 3.090000
55 3.090000
56 2.050000
57 2.050000
58 2.050000
59 2.050000
60 2.050000
61 2.050000
62 2.050000
63 2.050000
64 2.050000
65 2.215300
66 2.050000
67 2.050000
68 2.050000
69 2.050000
70 2.050000
71 2.050000
72 2.050000
73 2.050000
74 2.050000
75 2.050000
76 2.050000
77 2.180200
78 2.050000
79 2.050000
80 2.050000
81 2.050000
82 2.050000
83 2.050000
84 2.050000
85 2.050000
86 2.050000
87 2.050000
88 2.050000
89 2.050000
90 2.050000
91 2.050000
92 2.050000
93 2.251600
94 2.215300
95 2.180200
96 2.146100
97 2.113100
98 1.170000
99 1.120000
100 1.461000
101 1.740000
102 1.864000
103 1.011500
104 0.748000
105 0.534300
106 1.259500
107 2.050000
108 4.884200
109 0.000000
