109
1 1.910000
2 1.910000
3 2.064000
4 2.843800
5 2.820000
6 4.000000
7 3.200000
8 5.760000
9 6.000000
10 8.640000
11 4.800000
12 4.457400
13 4.457400
14 4.457400
15 4.457400
16 3.547700
17 3.547700
18 0.000000
19 1.910000
20 1.910000
21 1.910000
22 4.128100
23 1.910000
24 1.910000
25 4.128100
26 1.910000
27 2.064000
28 2.064000
29 2.064000
30 2.064000
31 2.064000
32 2.064000
33 2.064000
34 2.064000
35 2.820000
36 2.820000
37 2.820000
38 2.820000
39 2.820000
40 2.820000
41 2.820000
42 2.820000
43 2.820000
44 2.820000
45 2.820000
46 2.820000
47 2.820000
48 2.820000
49 2.820000
50 2.820000
51 2.820000
52 2.820000
53 2.820000
54 2.820000
55 2.820000
56 1.910000
57 1.910000
58 1.910000
59 1.910000
60 1.910000
61 1.910000
62 1.910000
63 1.910000
64 1.910000
65 2.064000
66 1.910000
67 1.910000
68 1.910000
69 1.910000
70 1.910000
71 1.910000
72 1.910000
73 1.910000
74 1.910000
75 1.910000
76 1.910000
77 2.031300
78 1.910000
79 1.910000
80 1.910000
81 1.910000
82 1.910000
83 1.910000
84 1.910000
85 1.910000
86 1.910000
87 1.910000
88 1.910000
89 1.910000
90 1.910000
91 1.910000
92 1.910000
93 2.097900
94 2.064000
95 2.031300
96 1.999500
97 1.968800
98 1.140000
99 1.064000
100 1.374200
101 1.628000
102 1.740800
103 0.965300
104 0.725600
105 0.531300
106 1.190900
107 1.910000
108 4.457400
109 0.000000
