109
1 2.320000
2 2.320000
3 2.507100
4 3.454200
5 3.640000
6 5.500000
7 4.400000
8 7.920000
9 8.250000
10 11.880000
11 6.600000
12 5.753500
13 5.753500
14 5.753500
15 5.753500
16 4.579400
17 4.579400
18 0.000000
19 2.320000
20 2.320000
21 2.320000
22 5.014200
23 2.320000
24 2.320000
25 5.014200
26 2.320000
27 2.507100
28 2.507100
29 2.507100
30 2.507100
31 2.507100
32 2.507100
33 2.507100
34 2.507100
35 3.640000
36 3.640000
37 3.640000
38 3.640000
39 3.640000
40 3.640000
41 3.640000
42 3.640000
43 3.640000
44 3.640000
45 3.640000
46 3.640000
47 3.640000
48 3.640000
49 3.640000
50 3.640000
51 3.640000
52 3.640000
53 3.640000
54 3.640000
55 3.640000
56 2.320000
57 2.320000
58 2.320000
59 2.320000
60 2.320000
61 2.320000
62 2.320000
63 2.320000
64 2.320000
65 2.507100
66 2.320000
67 2.320000
68 2.320000
69 2.320000
70 2.320000
71 2.320000
72 2.320000
73 2.320000
74 2.320000
75 2.320000
76 2.320000
77 2.467300
78 2.320000
79 2.320000
80 2.320000
81 2.320000
82 2.320000
83 2.320000
84 2.320000
85 2.320000
86 2.320000
87 2.320000
88 2.320000
89 2.320000
90 2.320000
91 2.320000
92 2.320000
93 2.548200
94 2.507100
95 2.467300
96 2.428800
97 2.391400
98 1.270000
99 1.228000
100 1.628400
101 1.956000
102 2.101600
103 1.100600
104 0.791200
105 0.540100
106 1.391800
107 2.320000
108 5.753500
109 0.000000
