109
1 2.450000
2 2.450000
3 2.647600
4 3.647800
5 3.910000
6 6.000000
7 4.800000
8 8.640000
9 9.000000
10 12.960000
11 7.200000
12 6.180300
13 6.180300
14 6.180300
15 6.180300
16 4.919000
17 4.919000
18 0.000000
19 2.450000
20 2.450000
21 2.450000
22 5.295200
23 2.450000
24 2.450000
25 5.295200
26 2.450000
27 2.647600
28 2.647600
29 2.647600
30 2.647600
31 2.647600
32 2.647600
33 2.647600
34 2.647600
35 3.910000
36 3.910000
37 3.910000
38 3.910000
39 3.910000
40 3.910000
41 3.910000
42 3.910000
43 3.910000
44 3.910000
45 3.910000
46 3.910000
47 3.910000
48 3.910000
49 3.910000
50 3.910000
51 3.910000
52 3.910000
53 3.910000
54 3.910000
55 3.910000
56 2.450000
57 2.450000
58 2.450000
59 2.450000
60 2.450000
61 2.450000
62 2.450000
63 2.450000
64 2.450000
65 2.647600
66 2.450000
67 2.450000
68 2.450000
69 2.450000
70 2.450000
71 2.450000
72 2.450000
73 2.450000
74 2.450000
75 2.450000
76 2.450000
77 2.605600
78 2.450000
79 2.450000
80 2.450000
81 2.450000
82 2.450000
83 2.450000
84 2.450000
85 2.450000
86 2.450000
87 2.450000
88 2.450000
89 2.450000
90 2.450000
91 2.450000
92 2.450000
93 2.691000
94 2.647600
95 2.605600
96 2.564800
97 2.525400
98 1.320000
99 1.280000
100 1.709000
101 2.060000
102 2.216000
103 1.143500
104 0.812000
105 0.543000
106 1.455500
107 2.450000
108 6.180300
109 0.000000
