109
1 0.300000
2 0.300000
3 0.277600
4 0.201500
5 0.200000
6 0.100000
7 0.125000
8 0.069400
9 0.172800
10 0.125000
11 0.220600
12 0.316100
13 0.316100
14 0.316100
15 0.316100
16 0.251600
17 0.251600
18 1.000000
19 0.300000
20 0.300000
21 0.300000
22 0.138800
23 0.300000
24 0.300000
25 0.138800
26 0.300000
27 0.277600
28 0.277600
29 0.277600
30 0.277600
31 0.277600
32 0.277600
33 0.277600
34 0.277600
35 0.200000
36 0.200000
37 0.200000
38 0.200000
39 0.200000
40 0.200000
41 0.200000
42 0.200000
43 0.200000
44 0.200000
45 0.200000
46 0.200000
47 0.200000
48 0.200000
49 0.200000
50 0.200000
51 0.200000
52 0.200000
53 0.200000
54 0.200000
55 0.200000
56 0.300000
57 0.300000
58 0.300000
59 0.300000
60 0.300000
61 0.300000
62 0.300000
63 0.300000
64 0.300000
65 0.277600
66 0.300000
67 0.300000
68 0.300000
69 0.300000
70 0.300000
71 0.300000
72 0.300000
73 0.300000
74 0.300000
75 0.300000
76 0.300000
77 0.282100
78 0.300000
79 0.300000
80 0.300000
81 0.300000
82 0.300000
83 0.300000
84 0.300000
85 0.300000
86 0.300000
87 0.300000
88 0.300000
89 0.300000
90 0.300000
91 0.300000
92 0.300000
93 0.273100
94 0.277600
95 0.282100
96 0.286600
97 0.291000
98 0.400000
99 0.680000
100 0.504000
101 0.360000
102 0.296000
103 0.736000
104 0.872000
105 0.984000
106 0.608000
107 0.300000
108 0.316100
109 1.000000
