109
1 0.330000
2 0.330000
3 0.305400
4 0.221600
5 0.230000
6 0.130000
7 0.162500
8 0.090300
9 0.212800
10 0.162500
11 0.263000
12 0.363500
13 0.363500
14 0.363500
15 0.363500
16 0.289400
17 0.289400
18 1.000000
19 0.330000
20 0.330000
21 0.330000
22 0.152700
23 0.330000
24 0.330000
25 0.152700
26 0.330000
27 0.305400
28 0.305400
29 0.305400
30 0.305400
31 0.305400
32 0.305400
33 0.305400
34 0.305400
35 0.230000
36 0.230000
37 0.230000
38 0.230000
39 0.230000
40 0.230000
41 0.230000
42 0.230000
43 0.230000
44 0.230000
45 0.230000
46 0.230000
47 0.230000
48 0.230000
49 0.230000
50 0.230000
51 0.230000
52 0.230000
53 0.230000
54 0.230000
55 0.230000
56 0.330000
57 0.330000
58 0.330000
59 0.330000
60 0.330000
61 0.330000
62 0.330000
63 0.330000
64 0.330000
65 0.305400
66 0.330000
67 0.330000
68 0.330000
69 0.330000
70 0.330000
71 0.330000
72 0.330000
73 0.330000
74 0.330000
75 0.330000
76 0.330000
77 0.310300
78 0.330000
79 0.330000
80 0.330000
81 0.330000
82 0.330000
83 0.330000
84 0.330000
85 0.330000
86 0.330000
87 0.330000
88 0.330000
89 0.330000
90 0.330000
91 0.330000
92 0.330000
93 0.300400
94 0.305400
95 0.310300
96 0.315200
97 0.320100
98 0.430000
99 0.692000
100 0.522600
101 0.384000
102 0.322400
103 0.745900
104 0.876800
105 0.984600
106 0.622700
107 0.330000
108 0.363500
109 1.000000
