109
1 0.600000
2 0.600000
3 0.555200
4 0.403000
5 0.500000
6 0.400000
7 0.500000
8 0.277800
9 0.572600
10 0.500000
11 0.645200
12 0.790300
13 0.790300
14 0.790300
15 0.790300
16 0.629000
17 0.629000
18 1.000000
19 0.600000
20 0.600000
21 0.600000
22 0.277600
23 0.600000
24 0.600000
25 0.277600
26 0.600000
27 0.555200
28 0.555200
29 0.555200
30 0.555200
31 0.555200
32 0.555200
33 0.555200
34 0.555200
35 0.500000
36 0.500000
37 0.500000
38 0.500000
39 0.500000
40 0.500000
41 0.500000
42 0.500000
43 0.500000
44 0.500000
45 0.500000
46 0.500000
47 0.500000
48 0.500000
49 0.500000
50 0.500000
51 0.500000
52 0.500000
53 0.500000
54 0.500000
55 0.500000
56 0.600000
57 0.600000
58 0.600000
59 0.600000
60 0.600000
61 0.600000
62 0.600000
63 0.600000
64 0.600000
65 0.555200
66 0.600000
67 0.600000
68 0.600000
69 0.600000
70 0.600000
71 0.600000
72 0.600000
73 0.600000
74 0.600000
75 0.600000
76 0.600000
77 0.564200
78 0.600000
79 0.600000
80 0.600000
81 0.600000
82 0.600000
83 0.600000
84 0.600000
85 0.600000
86 0.600000
87 0.600000
88 0.600000
89 0.600000
90 0.600000
91 0.600000
92 0.600000
93 0.546300
94 0.555200
95 0.564200
96 0.573100
97 0.582100
98 0.700000
99 0.800000
100 0.690000
101 0.600000
102 0.560000
103 0.835000
104 0.920000
105 0.990000
106 0.755000
107 0.600000
108 0.790300
109 1.000000
