109
1 0.430000
2 0.430000
3 0.397900
4 0.288800
5 0.330000
6 0.230000
7 0.287500
8 0.159700
9 0.346000
10 0.287500
11 0.404600
12 0.521600
13 0.521600
14 0.521600
15 0.521600
16 0.415200
17 0.415200
18 1.000000
19 0.430000
20 0.430000
21 0.430000
22 0.199000
23 0.430000
24 0.430000
25 0.199000
26 0.430000
27 0.397900
28 0.397900
29 0.397900
30 0.397900
31 0.397900
32 0.397900
33 0.397900
34 0.397900
35 0.330000
36 0.330000
37 0.330000
38 0.330000
39 0.330000
40 0.330000
41 0.330000
42 0.330000
43 0.330000
44 0.330000
45 0.330000
46 0.330000
47 0.330000
48 0.330000
49 0.330000
50 0.330000
51 0.330000
52 0.330000
53 0.330000
54 0.330000
55 0.330000
56 0.430000
57 0.430000
58 0.430000
59 0.430000
60 0.430000
61 0.430000
62 0.430000
63 0.430000
64 0.430000
65 0.397900
66 0.430000
67 0.430000
68 0.430000
69 0.430000
70 0.430000
71 0.430000
72 0.430000
73 0.430000
74 0.430000
75 0.430000
76 0.430000
77 0.404300
78 0.430000
79 0.430000
80 0.430000
81 0.430000
82 0.430000
83 0.430000
84 0.430000
85 0.430000
86 0.430000
87 0.430000
88 0.430000
89 0.430000
90 0.430000
91 0.430000
92 0.430000
93 0.391500
94 0.397900
95 0.404300
96 0.410700
97 0.417200
98 0.530000
99 0.732000
100 0.584600
101 0.464000
102 0.410400
103 0.778900
104 0.892800
105 0.986600
106 0.671700
107 0.430000
108 0.521600
109 1.000000
