109
1 0.270000
2 0.270000
3 0.249900
4 0.181300
5 0.170000
6 0.070000
7 0.087500
8 0.048600
9 0.132800
10 0.087500
11 0.178100
12 0.268700
13 0.268700
14 0.268700
15 0.268700
16 0.213900
17 0.213900
18 1.000000
19 0.270000
20 0.270000
21 0.270000
22 0.124900
23 0.270000
24 0.270000
25 0.124900
26 0.270000
27 0.249900
28 0.249900
29 0.249900
30 0.249900
31 0.249900
32 0.249900
33 0.249900
34 0.249900
35 0.170000
36 0.170000
37 0.170000
38 0.170000
39 0.170000
40 0.170000
41 0.170000
42 0.170000
43 0.170000
44 0.170000
45 0.170000
46 0.170000
47 0.170000
48 0.170000
49 0.170000
50 0.170000
51 0.170000
52 0.170000
53 0.170000
54 0.170000
55 0.170000
56 0.270000
57 0.270000
58 0.270000
59 0.270000
60 0.270000
61 0.270000
62 0.270000
63 0.270000
64 0.270000
65 0.249900
66 0.270000
67 0.270000
68 0.270000
69 0.270000
70 0.270000
71 0.270000
72 0.270000
73 0.270000
74 0.270000
75 0.270000
76 0.270000
77 0.253900
78 0.270000
79 0.270000
80 0.270000
81 0.270000
82 0.270000
83 0.270000
84 0.270000
85 0.270000
86 0.270000
87 0.270000
88 0.270000
89 0.270000
90 0.270000
91 0.270000
92 0.270000
93 0.245800
94 0.249900
95 0.253900
96 0.257900
97 0.261900
98 0.370000
99 0.668000
100 0.485400
101 0.336000
102 0.269600
103 0.726100
104 0.867200
105 0.983400
106 0.593300
107 0.270000
108 0.268700
109 1.000000
