109
1 0.530000
2 0.530000
3 0.490400
4 0.356000
5 0.430000
6 0.330000
7 0.412500
8 0.229200
9 0.479300
10 0.412500
11 0.546100
12 0.679700
13 0.679700
14 0.679700
15 0.679700
16 0.541000
17 0.541000
18 1.000000
19 0.530000
20 0.530000
21 0.530000
22 0.245200
23 0.530000
24 0.530000
25 0.245200
26 0.530000
27 0.490400
28 0.490400
29 0.490400
30 0.490400
31 0.490400
32 0.490400
33 0.490400
34 0.490400
35 0.430000
36 0.430000
37 0.430000
38 0.430000
39 0.430000
40 0.430000
41 0.430000
42 0.430000
43 0.430000
44 0.430000
45 0.430000
46 0.430000
47 0.430000
48 0.430000
49 0.430000
50 0.430000
51 0.430000
52 0.430000
53 0.430000
54 0.430000
55 0.430000
56 0.530000
57 0.530000
58 0.530000
59 0.530000
60 0.530000
61 0.530000
62 0.530000
63 0.530000
64 0.530000
65 0.490400
66 0.530000
67 0.530000
68 0.530000
69 0.530000
70 0.530000
71 0.530000
72 0.530000
73 0.530000
74 0.530000
75 0.530000
76 0.530000
77 0.498400
78 0.530000
79 0.530000
80 0.530000
81 0.530000
82 0.530000
83 0.530000
84 0.530000
85 0.530000
86 0.530000
87 0.530000
88 0.530000
89 0.530000
90 0.530000
91 0.530000
92 0.530000
93 0.482500
94 0.490400
95 0.498400
96 0.506300
97 0.514200
98 0.630000
99 0.772000
100 0.646600
101 0.544000
102 0.498400
103 0.811900
104 0.908800
105 0.988600
106 0.720700
107 0.530000
108 0.679700
109 1.000000
