109
1 0.470000
2 0.470000
3 0.434900
4 0.315700
5 0.370000
6 0.270000
7 0.337500
8 0.187500
9 0.399300
10 0.337500
11 0.461200
12 0.584800
13 0.584800
14 0.584800
15 0.584800
16 0.465500
17 0.465500
18 1.000000
19 0.470000
20 0.470000
21 0.470000
22 0.217500
23 0.470000
24 0.470000
25 0.217500
26 0.470000
27 0.434900
28 0.434900
29 0.434900
30 0.434900
31 0.434900
32 0.434900
33 0.434900
34 0.434900
35 0.370000
36 0.370000
37 0.370000
38 0.370000
39 0.370000
40 0.370000
41 0.370000
42 0.370000
43 0.370000
44 0.370000
45 0.370000
46 0.370000
47 0.370000
48 0.370000
49 0.370000
50 0.370000
51 0.370000
52 0.370000
53 0.370000
54 0.370000
55 0.370000
56 0.470000
57 0.470000
58 0.470000
59 0.470000
60 0.470000
61 0.470000
62 0.470000
63 0.470000
64 0.470000
65 0.434900
66 0.470000
67 0.470000
68 0.470000
69 0.470000
70 0.470000
71 0.470000
72 0.470000
73 0.470000
74 0.470000
75 0.470000
76 0.470000
77 0.441900
78 0.470000
79 0.470000
80 0.470000
81 0.470000
82 0.470000
83 0.470000
84 0.470000
85 0.470000
86 0.470000
87 0.470000
88 0.470000
89 0.470000
90 0.470000
91 0.470000
92 0.470000
93 0.427900
94 0.434900
95 0.441900
96 0.449000
97 0.456000
98 0.570000
99 0.748000
100 0.609400
101 0.496000
102 0.445600
103 0.792100
104 0.899200
105 0.987400
106 0.691300
107 0.470000
108 0.584800
109 1.000000
