109
1 0.500000
2 0.500000
3 0.462700
4 0.335800
5 0.400000
6 0.300000
7 0.375000
8 0.208300
9 0.439300
10 0.375000
11 0.503600
12 0.632300
13 0.632300
14 0.632300
15 0.632300
16 0.503200
17 0.503200
18 1.000000
19 0.500000
20 0.500000
21 0.500000
22 0.231300
23 0.500000
24 0.500000
25 0.231300
26 0.500000
27 0.462700
28 0.462700
29 0.462700
30 0.462700
31 0.462700
32 0.462700
33 0.462700
34 0.462700
35 0.400000
36 0.400000
37 0.400000
38 0.400000
39 0.400000
40 0.400000
41 0.400000
42 0.400000
43 0.400000
44 0.400000
45 0.400000
46 0.400000
47 0.400000
48 0.400000
49 0.400000
50 0.400000
51 0.400000
52 0.400000
53 0.400000
54 0.400000
55 0.400000
56 0.500000
57 0.500000
58 0.500000
59 0.500000
60 0.500000
61 0.500000
62 0.500000
63 0.500000
64 0.500000
65 0.462700
66 0.500000
67 0.500000
68 0.500000
69 0.500000
70 0.500000
71 0.500000
72 0.500000
73 0.500000
74 0.500000
75 0.500000
76 0.500000
77 0.470100
78 0.500000
79 0.500000
80 0.500000
81 0.500000
82 0.500000
83 0.500000
84 0.500000
85 0.500000
86 0.500000
87 0.500000
88 0.500000
89 0.500000
90 0.500000
91 0.500000
92 0.500000
93 0.455200
94 0.462700
95 0.470100
96 0.477600
97 0.485100
98 0.600000
99 0.760000
100 0.628000
101 0.520000
102 0.472000
103 0.802000
104 0.904000
105 0.988000
106 0.706000
107 0.500000
108 0.632300
109 1.000000
