109
1 0.570000
2 0.570000
3 0.527500
4 0.382800
5 0.470000
6 0.370000
7 0.462500
8 0.256900
9 0.532600
10 0.462500
11 0.602700
12 0.742900
13 0.742900
14 0.742900
15 0.742900
16 0.591300
17 0.591300
18 1.000000
19 0.570000
20 0.570000
21 0.570000
22 0.263700
23 0.570000
24 0.570000
25 0.263700
26 0.570000
27 0.527500
28 0.527500
29 0.527500
30 0.527500
31 0.527500
32 0.527500
33 0.527500
34 0.527500
35 0.470000
36 0.470000
37 0.470000
38 0.470000
39 0.470000
40 0.470000
41 0.470000
42 0.470000
43 0.470000
44 0.470000
45 0.470000
46 0.470000
47 0.470000
48 0.470000
49 0.470000
50 0.470000
51 0.470000
52 0.470000
53 0.470000
54 0.470000
55 0.470000
56 0.570000
57 0.570000
58 0.570000
59 0.570000
60 0.570000
61 0.570000
62 0.570000
63 0.570000
64 0.570000
65 0.527500
66 0.570000
67 0.570000
68 0.570000
69 0.570000
70 0.570000
71 0.570000
72 0.570000
73 0.570000
74 0.570000
75 0.570000
76 0.570000
77 0.536000
78 0.570000
79 0.570000
80 0.570000
81 0.570000
82 0.570000
83 0.570000
84 0.570000
85 0.570000
86 0.570000
87 0.570000
88 0.570000
89 0.570000
90 0.570000
91 0.570000
92 0.570000
93 0.519000
94 0.527500
95 0.536000
96 0.544500
97 0.553000
98 0.670000
99 0.788000
100 0.671400
101 0.576000
102 0.533600
103 0.825100
104 0.915200
105 0.989400
106 0.740300
107 0.570000
108 0.742900
109 1.000000
