109
1 0.370000
2 0.370000
3 0.342400
4 0.248500
5 0.270000
6 0.170000
7 0.212500
8 0.118100
9 0.266100
10 0.212500
11 0.319600
12 0.426800
13 0.426800
14 0.426800
15 0.426800
16 0.339700
17 0.339700
18 1.000000
19 0.370000
20 0.370000
21 0.370000
22 0.171200
23 0.370000
24 0.370000
25 0.171200
26 0.370000
27 0.342400
28 0.342400
29 0.342400
30 0.342400
31 0.342400
32 0.342400
33 0.342400
34 0.342400
35 0.270000
36 0.270000
37 0.270000
38 0.270000
39 0.270000
40 0.270000
41 0.270000
42 0.270000
43 0.270000
44 0.270000
45 0.270000
46 0.270000
47 0.270000
48 0.270000
49 0.270000
50 0.270000
51 0.270000
52 0.270000
53 0.270000
54 0.270000
55 0.270000
56 0.370000
57 0.370000
58 0.370000
59 0.370000
60 0.370000
61 0.370000
62 0.370000
63 0.370000
64 0.370000
65 0.342400
66 0.370000
67 0.370000
68 0.370000
69 0.370000
70 0.370000
71 0.370000
72 0.370000
73 0.370000
74 0.370000
75 0.370000
76 0.370000
77 0.347900
78 0.370000
79 0.370000
80 0.370000
81 0.370000
82 0.370000
83 0.370000
84 0.370000
85 0.370000
86 0.370000
87 0.370000
88 0.370000
89 0.370000
90 0.370000
91 0.370000
92 0.370000
93 0.336900
94 0.342400
95 0.347900
96 0.353400
97 0.359000
98 0.470000
99 0.708000
100 0.547400
101 0.416000
102 0.357600
103 0.759100
104 0.883200
105 0.985400
106 0.642300
107 0.370000
108 0.426800
109 1.000000
