109
1 0.400000
2 0.400000
3 0.370100
4 0.268700
5 0.300000
6 0.200000
7 0.250000
8 0.138900
9 0.306000
10 0.250000
11 0.362100
12 0.474200
13 0.474200
14 0.474200
15 0.474200
16 0.377400
17 0.377400
18 1.000000
19 0.400000
20 0.400000
21 0.400000
22 0.185100
23 0.400000
24 0.400000
25 0.185100
26 0.400000
27 0.370100
28 0.370100
29 0.370100
30 0.370100
31 0.370100
32 0.370100
33 0.370100
34 0.370100
35 0.300000
36 0.300000
37 0.300000
38 0.300000
39 0.300000
40 0.300000
41 0.300000
42 0.300000
43 0.300000
44 0.300000
45 0.300000
46 0.300000
47 0.300000
48 0.300000
49 0.300000
50 0.300000
51 0.300000
52 0.300000
53 0.300000
54 0.300000
55 0.300000
56 0.400000
57 0.400000
58 0.400000
59 0.400000
60 0.400000
61 0.400000
62 0.400000
63 0.400000
64 0.400000
65 0.370100
66 0.400000
67 0.400000
68 0.400000
69 0.400000
70 0.400000
71 0.400000
72 0.400000
73 0.400000
74 0.400000
75 0.400000
76 0.400000
77 0.376100
78 0.400000
79 0.400000
80 0.400000
81 0.400000
82 0.400000
83 0.400000
84 0.400000
85 0.400000
86 0.400000
87 0.400000
88 0.400000
89 0.400000
90 0.400000
91 0.400000
92 0.400000
93 0.364200
94 0.370100
95 0.376100
96 0.382100
97 0.388100
98 0.500000
99 0.720000
100 0.566000
101 0.440000
102 0.384000
103 0.769000
104 0.888000
105 0.986000
106 0.657000
107 0.400000
108 0.474200
109 1.000000
