109
1 0.230000
2 0.230000
3 0.212800
4 0.154500
5 0.130000
6 0.030000
7 0.037500
8 0.020800
9 0.079500
10 0.037500
11 0.121500
12 0.205500
13 0.205500
14 0.205500
15 0.205500
16 0.163500
17 0.163500
18 1.000000
19 0.230000
20 0.230000
21 0.230000
22 0.106400
23 0.230000
24 0.230000
25 0.106400
26 0.230000
27 0.212800
28 0.212800
29 0.212800
30 0.212800
31 0.212800
32 0.212800
33 0.212800
34 0.212800
35 0.130000
36 0.130000
37 0.130000
38 0.130000
39 0.130000
40 0.130000
41 0.130000
42 0.130000
43 0.130000
44 0.130000
45 0.130000
46 0.130000
47 0.130000
48 0.130000
49 0.130000
50 0.130000
51 0.130000
52 0.130000
53 0.130000
54 0.130000
55 0.130000
56 0.230000
57 0.230000
58 0.230000
59 0.230000
60 0.230000
61 0.230000
62 0.230000
63 0.230000
64 0.230000
65 0.212800
66 0.230000
67 0.230000
68 0.230000
69 0.230000
70 0.230000
71 0.230000
72 0.230000
73 0.230000
74 0.230000
75 0.230000
76 0.230000
77 0.216300
78 0.230000
79 0.230000
80 0.230000
81 0.230000
82 0.230000
83 0.230000
84 0.230000
85 0.230000
86 0.230000
87 0.230000
88 0.230000
89 0.230000
90 0.230000
91 0.230000
92 0.230000
93 0.209400
94 0.212800
95 0.216300
96 0.219700
97 0.223100
98 0.330000
99 0.652000
100 0.460600
101 0.304000
102 0.234400
103 0.712900
104 0.860800
105 0.982600
106 0.573700
107 0.230000
108 0.205500
109 1.000000
