109
1 47.100000
2 47.100000
3 50.898400
4 70.126700
5 55.100000
6 65.000000
7 52.000000
8 93.600000
9 60.773400
10 52.000000
11 69.546800
12 87.093500
13 87.093500
14 87.093500
15 87.093500
16 69.319400
17 69.319400
18 0.000000
19 47.100000
20 47.100000
21 47.100000
22 101.796800
23 47.100000
24 47.100000
25 101.796800
26 47.100000
27 50.898400
28 50.898400
29 50.898400
30 50.898400
31 50.898400
32 50.898400
33 50.898400
34 50.898400
35 55.100000
36 55.100000
37 55.100000
38 55.100000
39 55.100000
40 55.100000
41 55.100000
42 55.100000
43 55.100000
44 55.100000
45 55.100000
46 55.100000
47 55.100000
48 55.100000
49 55.100000
50 55.100000
51 55.100000
52 55.100000
53 55.100000
54 55.100000
55 55.100000
56 47.100000
57 47.100000
58 47.100000
59 47.100000
60 47.100000
61 47.100000
62 47.100000
63 47.100000
64 47.100000
65 50.898400
66 47.100000
67 47.100000
68 47.100000
69 47.100000
70 47.100000
71 47.100000
72 47.100000
73 47.100000
74 47.100000
75 47.100000
76 47.100000
77 50.090500
78 47.100000
79 47.100000
80 47.100000
81 47.100000
82 47.100000
83 47.100000
84 47.100000
85 47.100000
86 47.100000
87 47.100000
88 47.100000
89 47.100000
90 47.100000
91 47.100000
92 47.100000
93 51.732800
94 50.898400
95 50.090500
96 49.307800
97 48.549200
98 39.300000
99 55.100000
100 55.100000
101 55.100000
102 55.100000
103 55.100000
104 55.100000
105 55.100000
106 55.100000
107 47.100000
108 87.093500
109 0.000000
