109
1 26.700000
2 26.700000
3 28.853200
4 39.753300
5 34.700000
6 44.000000
7 35.200000
8 63.360000
9 40.112100
10 35.200000
11 45.024200
12 54.848400
13 54.848400
14 54.848400
15 54.848400
16 43.654800
17 43.654800
18 0.000000
19 26.700000
20 26.700000
21 26.700000
22 57.706500
23 26.700000
24 26.700000
25 57.706500
26 26.700000
27 28.853200
28 28.853200
29 28.853200
30 28.853200
31 28.853200
32 28.853200
33 28.853200
34 28.853200
35 34.700000
36 34.700000
37 34.700000
38 34.700000
39 34.700000
40 34.700000
41 34.700000
42 34.700000
43 34.700000
44 34.700000
45 34.700000
46 34.700000
47 34.700000
48 34.700000
49 34.700000
50 34.700000
51 34.700000
52 34.700000
53 34.700000
54 34.700000
55 34.700000
56 26.700000
57 26.700000
58 26.700000
59 26.700000
60 26.700000
61 26.700000
62 26.700000
63 26.700000
64 26.700000
65 28.853200
66 26.700000
67 26.700000
68 26.700000
69 26.700000
70 26.700000
71 26.700000
72 26.700000
73 26.700000
74 26.700000
75 26.700000
76 26.700000
77 28.395200
78 26.700000
79 26.700000
80 26.700000
81 26.700000
82 26.700000
83 26.700000
84 26.700000
85 26.700000
86 26.700000
87 26.700000
88 26.700000
89 26.700000
90 26.700000
91 26.700000
92 26.700000
93 29.326200
94 28.853200
95 28.395200
96 27.951600
97 27.521500
98 20.200000
99 34.700000
100 34.700000
101 34.700000
102 34.700000
103 34.700000
104 34.700000
105 34.700000
106 34.700000
107 26.700000
108 54.848400
109 0.000000
