109
1 50.000000
2 50.000000
3 54.032300
4 74.444400
5 58.000000
6 68.000000
7 54.400000
8 97.920000
9 63.719400
10 54.400000
11 73.038700
12 91.677400
13 91.677400
14 91.677400
15 91.677400
16 72.967700
17 72.967700
18 0.000000
19 50.000000
20 50.000000
21 50.000000
22 108.064500
23 50.000000
24 50.000000
25 108.064500
26 50.000000
27 54.032300
28 54.032300
29 54.032300
30 54.032300
31 54.032300
32 54.032300
33 54.032300
34 54.032300
35 58.000000
36 58.000000
37 58.000000
38 58.000000
39 58.000000
40 58.000000
41 58.000000
42 58.000000
43 58.000000
44 58.000000
45 58.000000
46 58.000000
47 58.000000
48 58.000000
49 58.000000
50 58.000000
51 58.000000
52 58.000000
53 58.000000
54 58.000000
55 58.000000
56 50.000000
57 50.000000
58 50.000000
59 50.000000
60 50.000000
61 50.000000
62 50.000000
63 50.000000
64 50.000000
65 54.032300
66 50.000000
67 50.000000
68 50.000000
69 50.000000
70 50.000000
71 50.000000
72 50.000000
73 50.000000
74 50.000000
75 50.000000
76 50.000000
77 53.174600
78 50.000000
79 50.000000
80 50.000000
81 50.000000
82 50.000000
83 50.000000
84 50.000000
85 50.000000
86 50.000000
87 50.000000
88 50.000000
89 50.000000
90 50.000000
91 50.000000
92 50.000000
93 54.918000
94 54.032300
95 53.174600
96 52.343800
97 51.538500
98 42.000000
99 58.000000
100 58.000000
101 58.000000
102 58.000000
103 58.000000
104 58.000000
105 58.000000
106 58.000000
107 50.000000
108 91.677400
109 0.000000
