109
1 38.400000
2 38.400000
3 41.496800
4 57.173300
5 46.400000
6 56.000000
7 44.800000
8 80.640000
9 51.935500
10 44.800000
11 59.071000
12 73.341900
13 73.341900
14 73.341900
15 73.341900
16 58.374200
17 58.374200
18 0.000000
19 38.400000
20 38.400000
21 38.400000
22 82.993500
23 38.400000
24 38.400000
25 82.993500
26 38.400000
27 41.496800
28 41.496800
29 41.496800
30 41.496800
31 41.496800
32 41.496800
33 41.496800
34 41.496800
35 46.400000
36 46.400000
37 46.400000
38 46.400000
39 46.400000
40 46.400000
41 46.400000
42 46.400000
43 46.400000
44 46.400000
45 46.400000
46 46.400000
47 46.400000
48 46.400000
49 46.400000
50 46.400000
51 46.400000
52 46.400000
53 46.400000
54 46.400000
55 46.400000
56 38.400000
57 38.400000
58 38.400000
59 38.400000
60 38.400000
61 38.400000
62 38.400000
63 38.400000
64 38.400000
65 41.496800
66 38.400000
67 38.400000
68 38.400000
69 38.400000
70 38.400000
71 38.400000
72 38.400000
73 38.400000
74 38.400000
75 38.400000
76 38.400000
77 40.838100
78 38.400000
79 38.400000
80 38.400000
81 38.400000
82 38.400000
83 38.400000
84 38.400000
85 38.400000
86 38.400000
87 38.400000
88 38.400000
89 38.400000
90 38.400000
91 38.400000
92 38.400000
93 42.177000
94 41.496800
95 40.838100
96 40.200000
97 39.581500
98 31.100000
99 46.400000
100 46.400000
101 46.400000
102 46.400000
103 46.400000
104 46.400000
105 46.400000
106 46.400000
107 38.400000
108 73.341900
109 0.000000
