109
1 44.200000
2 44.200000
3 47.764500
4 65.808900
5 52.200000
6 62.000000
7 49.600000
8 89.280000
9 57.827400
10 49.600000
11 66.054800
12 82.509700
13 82.509700
14 82.509700
15 82.509700
16 65.671000
17 65.671000
18 0.000000
19 44.200000
20 44.200000
21 44.200000
22 95.529000
23 44.200000
24 44.200000
25 95.529000
26 44.200000
27 47.764500
28 47.764500
29 47.764500
30 47.764500
31 47.764500
32 47.764500
33 47.764500
34 47.764500
35 52.200000
36 52.200000
37 52.200000
38 52.200000
39 52.200000
40 52.200000
41 52.200000
42 52.200000
43 52.200000
44 52.200000
45 52.200000
46 52.200000
47 52.200000
48 52.200000
49 52.200000
50 52.200000
51 52.200000
52 52.200000
53 52.200000
54 52.200000
55 52.200000
56 44.200000
57 44.200000
58 44.200000
59 44.200000
60 44.200000
61 44.200000
62 44.200000
63 44.200000
64 44.200000
65 47.764500
66 44.200000
67 44.200000
68 44.200000
69 44.200000
70 44.200000
71 44.200000
72 44.200000
73 44.200000
74 44.200000
75 44.200000
76 44.200000
77 47.006300
78 44.200000
79 44.200000
80 44.200000
81 44.200000
82 44.200000
83 44.200000
84 44.200000
85 44.200000
86 44.200000
87 44.200000
88 44.200000
89 44.200000
90 44.200000
91 44.200000
92 44.200000
93 48.547500
94 47.764500
95 47.006300
96 46.271900
97 45.560000
98 36.500000
99 52.200000
100 52.200000
101 52.200000
102 52.200000
103 52.200000
104 52.200000
105 52.200000
106 52.200000
107 44.200000
108 82.509700
109 0.000000
