109
1 18.000000
2 18.000000
3 19.451600
4 26.800000
5 26.000000
6 35.000000
7 28.000000
8 50.400000
9 31.274200
10 28.000000
11 34.548400
12 41.096800
13 41.096800
14 41.096800
15 41.096800
16 32.709700
17 32.709700
18 0.000000
19 18.000000
20 18.000000
21 18.000000
22 38.903200
23 18.000000
24 18.000000
25 38.903200
26 18.000000
27 19.451600
28 19.451600
29 19.451600
30 19.451600
31 19.451600
32 19.451600
33 19.451600
34 19.451600
35 26.000000
36 26.000000
37 26.000000
38 26.000000
39 26.000000
40 26.000000
41 26.000000
42 26.000000
43 26.000000
44 26.000000
45 26.000000
46 26.000000
47 26.000000
48 26.000000
49 26.000000
50 26.000000
51 26.000000
52 26.000000
53 26.000000
54 26.000000
55 26.000000
56 18.000000
57 18.000000
58 18.000000
59 18.000000
60 18.000000
61 18.000000
62 18.000000
63 18.000000
64 18.000000
65 19.451600
66 18.000000
67 18.000000
68 18.000000
69 18.000000
70 18.000000
71 18.000000
72 18.000000
73 18.000000
74 18.000000
75 18.000000
76 18.000000
77 19.142900
78 18.000000
79 18.000000
80 18.000000
81 18.000000
82 18.000000
83 18.000000
84 18.000000
85 18.000000
86 18.000000
87 18.000000
88 18.000000
89 18.000000
90 18.000000
91 18.000000
92 18.000000
93 19.770500
94 19.451600
95 19.142900
96 18.843800
97 18.553800
98 12.000000
99 26.000000
100 26.000000
101 26.000000
102 26.000000
103 26.000000
104 26.000000
105 26.000000
106 26.000000
107 18.000000
108 41.096800
109 0.000000
