109
1 29.600000
2 29.600000
3 31.987100
4 44.071100
5 37.600000
6 47.000000
7 37.600000
8 67.680000
9 43.058100
10 37.600000
11 48.516100
12 59.432300
13 59.432300
14 59.432300
15 59.432300
16 47.303200
17 47.303200
18 0.000000
19 29.600000
20 29.600000
21 29.600000
22 63.974200
23 29.600000
24 29.600000
25 63.974200
26 29.600000
27 31.987100
28 31.987100
29 31.987100
30 31.987100
31 31.987100
32 31.987100
33 31.987100
34 31.987100
35 37.600000
36 37.600000
37 37.600000
38 37.600000
39 37.600000
40 37.600000
41 37.600000
42 37.600000
43 37.600000
44 37.600000
45 37.600000
46 37.600000
47 37.600000
48 37.600000
49 37.600000
50 37.600000
51 37.600000
52 37.600000
53 37.600000
54 37.600000
55 37.600000
56 29.600000
57 29.600000
58 29.600000
59 29.600000
60 29.600000
61 29.600000
62 29.600000
63 29.600000
64 29.600000
65 31.987100
66 29.600000
67 29.600000
68 29.600000
69 29.600000
70 29.600000
71 29.600000
72 29.600000
73 29.600000
74 29.600000
75 29.600000
76 29.600000
77 31.479400
78 29.600000
79 29.600000
80 29.600000
81 29.600000
82 29.600000
83 29.600000
84 29.600000
85 29.600000
86 29.600000
87 29.600000
88 29.600000
89 29.600000
90 29.600000
91 29.600000
92 29.600000
93 32.511500
94 31.987100
95 31.479400
96 30.987500
97 30.510800
98 22.900000
99 37.600000
100 37.600000
101 37.600000
102 37.600000
103 37.600000
104 37.600000
105 37.600000
106 37.600000
107 29.600000
108 59.432300
109 0.000000
