109
1 41.300000
2 41.300000
3 44.630600
4 61.491100
5 49.300000
6 59.000000
7 47.200000
8 84.960000
9 54.881500
10 47.200000
11 62.562900
12 77.925800
13 77.925800
14 77.925800
15 77.925800
16 62.022600
17 62.022600
18 0.000000
19 41.300000
20 41.300000
21 41.300000
22 89.261300
23 41.300000
24 41.300000
25 89.261300
26 41.300000
27 44.630600
28 44.630600
29 44.630600
30 44.630600
31 44.630600
32 44.630600
33 44.630600
34 44.630600
35 49.300000
36 49.300000
37 49.300000
38 49.300000
39 49.300000
40 49.300000
41 49.300000
42 49.300000
43 49.300000
44 49.300000
45 49.300000
46 49.300000
47 49.300000
48 49.300000
49 49.300000
50 49.300000
51 49.300000
52 49.300000
53 49.300000
54 49.300000
55 49.300000
56 41.300000
57 41.300000
58 41.300000
59 41.300000
60 41.300000
61 41.300000
62 41.300000
63 41.300000
64 41.300000
65 44.630600
66 41.300000
67 41.300000
68 41.300000
69 41.300000
70 41.300000
71 41.300000
72 41.300000
73 41.300000
74 41.300000
75 41.300000
76 41.300000
77 43.922200
78 41.300000
79 41.300000
80 41.300000
81 41.300000
82 41.300000
83 41.300000
84 41.300000
85 41.300000
86 41.300000
87 41.300000
88 41.300000
89 41.300000
90 41.300000
91 41.300000
92 41.300000
93 45.362300
94 44.630600
95 43.922200
96 43.235900
97 42.570800
98 33.800000
99 49.300000
100 49.300000
101 49.300000
102 49.300000
103 49.300000
104 49.300000
105 49.300000
106 49.300000
107 41.300000
108 77.925800
109 0.000000
