109
1 20.900000
2 20.900000
3 22.585500
4 31.117800
5 28.900000
6 38.000000
7 30.400000
8 54.720000
9 34.220200
10 30.400000
11 38.040300
12 45.680600
13 45.680600
14 45.680600
15 45.680600
16 36.358100
17 36.358100
18 0.000000
19 20.900000
20 20.900000
21 20.900000
22 45.171000
23 20.900000
24 20.900000
25 45.171000
26 20.900000
27 22.585500
28 22.585500
29 22.585500
30 22.585500
31 22.585500
32 22.585500
33 22.585500
34 22.585500
35 28.900000
36 28.900000
37 28.900000
38 28.900000
39 28.900000
40 28.900000
41 28.900000
42 28.900000
43 28.900000
44 28.900000
45 28.900000
46 28.900000
47 28.900000
48 28.900000
49 28.900000
50 28.900000
51 28.900000
52 28.900000
53 28.900000
54 28.900000
55 28.900000
56 20.900000
57 20.900000
58 20.900000
59 20.900000
60 20.900000
61 20.900000
62 20.900000
63 20.900000
64 20.900000
65 22.585500
66 20.900000
67 20.900000
68 20.900000
69 20.900000
70 20.900000
71 20.900000
72 20.900000
73 20.900000
74 20.900000
75 20.900000
76 20.900000
77 22.227000
78 20.900000
79 20.900000
80 20.900000
81 20.900000
82 20.900000
83 20.900000
84 20.900000
85 20.900000
86 20.900000
87 20.900000
88 20.900000
89 20.900000
90 20.900000
91 20.900000
92 20.900000
93 22.955700
94 22.585500
95 22.227000
96 21.879700
97 21.543100
98 14.700000
99 28.900000
100 28.900000
101 28.900000
102 28.900000
103 28.900000
104 28.900000
105 28.900000
106 28.900000
107 20.900000
108 45.680600
109 0.000000
