109
1 23.800000
2 23.800000
3 25.719400
4 35.435600
5 31.800000
6 41.000000
7 32.800000
8 59.040000
9 37.166100
10 32.800000
11 41.532300
12 50.264500
13 50.264500
14 50.264500
15 50.264500
16 40.006500
17 40.006500
18 0.000000
19 23.800000
20 23.800000
21 23.800000
22 51.438700
23 23.800000
24 23.800000
25 51.438700
26 23.800000
27 25.719400
28 25.719400
29 25.719400
30 25.719400
31 25.719400
32 25.719400
33 25.719400
34 25.719400
35 31.800000
36 31.800000
37 31.800000
38 31.800000
39 31.800000
40 31.800000
41 31.800000
42 31.800000
43 31.800000
44 31.800000
45 31.800000
46 31.800000
47 31.800000
48 31.800000
49 31.800000
50 31.800000
51 31.800000
52 31.800000
53 31.800000
54 31.800000
55 31.800000
56 23.800000
57 23.800000
58 23.800000
59 23.800000
60 23.800000
61 23.800000
62 23.800000
63 23.800000
64 23.800000
65 25.719400
66 23.800000
67 23.800000
68 23.800000
69 23.800000
70 23.800000
71 23.800000
72 23.800000
73 23.800000
74 23.800000
75 23.800000
76 23.800000
77 25.311100
78 23.800000
79 23.800000
80 23.800000
81 23.800000
82 23.800000
83 23.800000
84 23.800000
85 23.800000
86 23.800000
87 23.800000
88 23.800000
89 23.800000
90 23.800000
91 23.800000
92 23.800000
93 26.141000
94 25.719400
95 25.311100
96 24.915600
97 24.532300
98 17.500000
99 31.800000
100 31.800000
101 31.800000
102 31.800000
103 31.800000
104 31.800000
105 31.800000
106 31.800000
107 23.800000
108 50.264500
109 0.000000
