109
1 32.500000
2 32.500000
3 35.121000
4 48.388900
5 40.500000
6 50.000000
7 40.000000
8 72.000000
9 46.004000
10 40.000000
11 52.008100
12 64.016100
13 64.016100
14 64.016100
15 64.016100
16 50.951600
17 50.951600
18 0.000000
19 32.500000
20 32.500000
21 32.500000
22 70.241900
23 32.500000
24 32.500000
25 70.241900
26 32.500000
27 35.121000
28 35.121000
29 35.121000
30 35.121000
31 35.121000
32 35.121000
33 35.121000
34 35.121000
35 40.500000
36 40.500000
37 40.500000
38 40.500000
39 40.500000
40 40.500000
41 40.500000
42 40.500000
43 40.500000
44 40.500000
45 40.500000
46 40.500000
47 40.500000
48 40.500000
49 40.500000
50 40.500000
51 40.500000
52 40.500000
53 40.500000
54 40.500000
55 40.500000
56 32.500000
57 32.500000
58 32.500000
59 32.500000
60 32.500000
61 32.500000
62 32.500000
63 32.500000
64 32.500000
65 35.121000
66 32.500000
67 32.500000
68 32.500000
69 32.500000
70 32.500000
71 32.500000
72 32.500000
73 32.500000
74 32.500000
75 32.500000
76 32.500000
77 34.563500
78 32.500000
79 32.500000
80 32.500000
81 32.500000
82 32.500000
83 32.500000
84 32.500000
85 32.500000
86 32.500000
87 32.500000
88 32.500000
89 32.500000
90 32.500000
91 32.500000
92 32.500000
93 35.696700
94 35.121000
95 34.563500
96 34.023400
97 33.500000
98 25.600000
99 40.500000
100 40.500000
101 40.500000
102 40.500000
103 40.500000
104 40.500000
105 40.500000
106 40.500000
107 32.500000
108 64.016100
109 0.000000
