109
1 35.500000
2 35.500000
3 38.362900
4 52.855600
5 43.500000
6 53.000000
7 42.400000
8 76.320000
9 48.989500
10 42.400000
11 55.579000
12 68.758100
13 68.758100
14 68.758100
15 68.758100
16 54.725800
17 54.725800
18 0.000000
19 35.500000
20 35.500000
21 35.500000
22 76.725800
23 35.500000
24 35.500000
25 76.725800
26 35.500000
27 38.362900
28 38.362900
29 38.362900
30 38.362900
31 38.362900
32 38.362900
33 38.362900
34 38.362900
35 43.500000
36 43.500000
37 43.500000
38 43.500000
39 43.500000
40 43.500000
41 43.500000
42 43.500000
43 43.500000
44 43.500000
45 43.500000
46 43.500000
47 43.500000
48 43.500000
49 43.500000
50 43.500000
51 43.500000
52 43.500000
53 43.500000
54 43.500000
55 43.500000
56 35.500000
57 35.500000
58 35.500000
59 35.500000
60 35.500000
61 35.500000
62 35.500000
63 35.500000
64 35.500000
65 38.362900
66 35.500000
67 35.500000
68 35.500000
69 35.500000
70 35.500000
71 35.500000
72 35.500000
73 35.500000
74 35.500000
75 35.500000
76 35.500000
77 37.754000
78 35.500000
79 35.500000
80 35.500000
81 35.500000
82 35.500000
83 35.500000
84 35.500000
85 35.500000
86 35.500000
87 35.500000
88 35.500000
89 35.500000
90 35.500000
91 35.500000
92 35.500000
93 38.991800
94 38.362900
95 37.754000
96 37.164100
97 36.592300
98 28.400000
99 43.500000
100 43.500000
101 43.500000
102 43.500000
103 43.500000
104 43.500000
105 43.500000
106 43.500000
107 35.500000
108 68.758100
109 0.000000
