109
1 50.000000
2 50.000000
3 50.000000
4 300.000000
5 200.000000
6 500.000000
7 400.000000
8 600.000000
9 600.000000
10 800.000000
11 400.000000
12 200.000000
13 200.000000
14 200.000000
15 200.000000
16 200.000000
17 200.000000
18 5.000000
19 50.000000
20 50.000000
21 50.000000
22 40.000000
23 40.000000
24 40.000000
25 40.000000
26 50.000000
27 40.000000
28 40.000000
29 40.000000
30 40.000000
31 40.000000
32 40.000000
33 40.000000
34 40.000000
35 40.000000
36 100.000000
37 100.000000
38 200.000000
39 200.000000
40 200.000000
41 200.000000
42 200.000000
43 200.000000
44 200.000000
45 200.000000
46 200.000000
47 200.000000
48 200.000000
49 200.000000
50 200.000000
51 200.000000
52 100.000000
53 100.000000
54 100.000000
55 100.000000
56 40.000000
57 40.000000
58 40.000000
59 40.000000
60 40.000000
61 40.000000
62 40.000000
63 40.000000
64 40.000000
65 40.000000
66 50.000000
67 50.000000
68 40.000000
69 40.000000
70 40.000000
71 40.000000
72 40.000000
73 40.000000
74 50.000000
75 100.000000
76 100.000000
77 40.000000
78 40.000000
79 40.000000
80 50.000000
81 40.000000
82 40.000000
83 40.000000
84 40.000000
85 40.000000
86 40.000000
87 40.000000
88 40.000000
89 40.000000
90 40.000000
91 40.000000
92 40.000000
93 300.000000
94 400.000000
95 300.000000
96 300.000000
97 200.000000
98 10.000000
99 10.000000
100 15.000000
101 20.000000
102 25.000000
103 15.000000
104 5.000000
105 5.000000
106 10.000000
107 50.000000
108 200.000000
109 5.000000
